global_step = 0
loss = 0.15524127
masked_lm_accuracy = 0.9717763
masked_lm_loss = 0.1552413
next_sentence_accuracy = 0.48875
next_sentence_loss = 2.8746326
